//-----------Moopi's fire patterns------------//
//FOR LEDS:
//10 is poofer 4
//11 is poofer 5
//12 is poofer 6
//if we have enough time, add code for the short bursts

//The choo choo train
const int pattern0[] PROGMEM = {
  1, 500, 0, 501, // 1 is the valve #, 500 is how long the valve is open in milliseconds,
  2, 500, 0, 501, //0 means the valve is closed. 501 - (how long the valve was open) is how long the valve is closed
  3, 500, 0, 501, // 501 - 500 = 10 milliseconds or 1/10th of a second
  4, 500, 0, 501,

  2, 500, 0, 501,
  3, 500, 0, 501,
  1, 500, 0, 501,
  4, 500, 0, 501,

  3, 500, 0, 501,
  1, 500, 0, 501,
  2, 500, 0, 501,
  6, 500, 0, 501,

  1, 500, 0, 501,
  2, 500, 0, 501,
  3, 500, 0, 501,
  4, 500, 0, 501,
  //faster!
  2, 250, 0, 251,
  3, 250, 0, 251,
  2, 250, 0, 251,
  5, 250, 0, 251,

  3, 250, 0, 251,
  1, 250, 0, 251,
  2, 250, 0, 251,
  6, 250, 0, 251,

  1, 250, 0, 251,
  2, 250, 0, 251,
  3, 250, 0, 251,
  4, 250, 0, 251,

  2, 250, 0, 251,
  3, 250, 0, 251,
  1, 250, 0, 251,
  4, 250, 0, 251,
  //faster and faster!
  3, 120, 0, 121,
  1, 120, 0, 121,
  2, 120, 0, 121,
  4, 120, 0, 121,

  1, 120, 0, 121,
  3, 25, 0, 26,
  10, 0, //start sending the yellow leds 7 milliseconds before the first burst
  11, 0,
  12, 0,
  3, 94, 0, 95,
  2, 120, 0, 121,


  4, 120, 0, 121,
  2, 120, 0, 121,
  3, 120, 0, 121,
  10, 0, //start sending the yellow leds 7 milliseconds before the second burst
  11, 0,
  12, 0,
  1, 120, 0, 121,

  //BOOM!
  1, 800,
  2, 800,
  3, 800,
  4, 500,
  5, 500,
  6, 500, 0, 579,

  //BOOM!

  1, 800,
  2, 800,
  3, 800,
  4, 500,
  5, 500,
  6, 500, 0, 500
};
///pop goes the weasel - not too bad - a little fast
const int pattern1[] PROGMEM = {
  //Round and round the mulberry bush
  2, 500, 0, 501,
  3, 500, 0, 501,
  1, 402, 0, 403,
  10, 0,
  1, 197, 0, 198,
  2, 250, 0, 251,
  3, 250, 0, 251,
  4, 250, 0, 251,

  2, 250, 0, 251,
  3, 500, 0, 810,
  //the monkey chased the weasel
  1, 250, 0, 251,
  2, 250, 0, 251,
  3, 250, 0, 251,

  1, 500, 0, 501,

  1, 250, 0, 251,
  2, 250, 0, 251,
  3, 250, 0, 251,

  1, 500, 0, 810,
  //the monkey thought 'twas all in good fun
  2, 500, 0, 501,
  3, 250, 0, 251,
  1, 250, 0, 351,

  2, 250, 0, 251,
  3, 250, 0, 251,
  1, 250, 0, 251,
  2, 250, 0, 251,

  3, 250, 0, 251,
  1, 109, 0, 110,
  10, 0,
  11, 0,
  12, 0,
  1, 391, 0, 700,
  //POP!

  1, 900,
  2, 900,
  3, 900,
  4, 900,
  5, 900,
  6, 900,  0, 1500,
  //Goes
  2, 250, 0, 351,
  //the weasel
  3, 250, 0, 251,
  1, 250, 0, 251,
  2, 250, 0, 550,
  //surprise burst
  10, 0,
  11, 0,
  12, 0, 0, 700,

  1, 200,
  2, 200,
  3, 200,
  4, 100,
  5, 100,
  6, 700
};
//Safety Dance/ Shave and a Haircut
const int pattern2[] PROGMEM = {
  //safety dance
  12, 0,// 12 equals a vertical led animation, duration is 700
  12, 0,
  3, 200, 0, 350,
  3, 200, 0, 350,

  6, 200, 0, 350,
  6, 200, 0, 280,
  10, 0,
  10, 0, 0, 70,
  3, 200, 0, 350,
  3, 200, 0, 300,
  1, 100, 0, 120,

  4, 200, 0, 350,
  4, 200, 0, 350,

  12, 0,
  12, 0,
  3, 200, 0, 350,
  3, 200, 0, 350,

  6, 200, 0, 350,
  6, 200, 0, 280,
  10, 0,
  10, 0, 0, 70,
  3, 200, 0, 350,
  3, 200, 0, 300,
  1, 100, 0, 120,

  4, 200, 0, 350,
  4, 200, 0, 2350,

  //you can dance if you want to
  //  1, 250, 0, 251,
  //  2, 120, 0, 121,
  //  3, 250, 0, 251,
  //  1, 250, 0, 251,
  //  2, 500, 0, 501,
  //  3, 250, 0, 251,
  //  3, 250, 0, 760,

  //shave and a haircut
  1, 100, 0, 250,
  1, 100, 0, 150,

  1, 100, 0, 150,
  4, 100, 0, 400,
  10, 0,
  11, 0,
  12, 0,
  1, 100, 0, 300,
  10, 0,
  11, 0,
  12, 0,
  1, 100, 0, 400,
  //burst
  1, 100,
  2, 100,
  3, 100,
  4, 100,
  5, 100,
  6, 300,

  //burst
  1, 80,
  2, 80,
  3, 80,
  4, 80,
  5, 80,
  6, 80, 0, 280,
};

//Ragg Mopp
const int pattern3[] PROGMEM = {
  10, 0,
  11, 0,
  12, 0,
  0, 700,
  10, 0,
  11, 0,
  12, 0,
  //ragg mopp!

  1, 500,
  2, 500,
  3, 500,
  4, 500,
  5, 500,
  5, 500,
  6, 500, 0, 700,

  1, 500,
  2, 500,
  3, 500,
  4, 500,
  5, 500,
  6, 500, 0, 1010,

  //doodley doo de doo doo
  2, 120, 0, 121,
  2, 120, 0, 121,
  1, 120, 0, 121,
  1, 120, 0, 121,
  3, 120, 0, 121,
  3, 500, 0, 501,
  3, 500, 0, 811,

  10, 0,
  11, 0,
  12, 0, 0, 199,
  1, 500,
  2, 500,
  3, 500, 0, 501,

  1, 500,
  2, 500,
  3, 500,
  4, 500,
  5, 500,
  6, 500, 0, 1010,

  1, 120, 0, 121,
  1, 120, 0, 121,
  3, 120, 0, 121,
  3, 120, 0, 121,
  2, 120, 0, 121,
  2, 500, 0, 501,
  2, 300, 0, 301,

  10, 0,
  11, 0,
  12, 0,
  2, 200, 0, 500,
  10, 0,
  11, 0,
  12, 0,
  2, 200, 0, 200,
  //ragg mopp!

  4, 400,
  5, 400,
  6, 400, 0, 500,

  1, 500,
  2, 500,
  3, 500,
  4, 500,
  5, 500,
  6, 500, 0, 1001,

  //doodley doo de doo doo
  3, 120, 0, 121,
  3, 120, 0, 121,
  2, 120, 0, 121,
  2, 120, 0, 121,
  1, 120, 0, 121,
  1, 500, 0, 501,
  1, 500, 0, 702,
  10, 0,
  11, 0,
  12, 0, 0, 199,
  1, 500,
  2, 500,
  3, 500, 0, 501,


  1, 500,
  2, 500,
  3, 500,
  4, 500,
  5, 500,
  6, 500, 0, 1010,

  2, 120, 0, 121,
  2, 120, 0, 121,
  1, 120, 0, 121,
  1, 120, 0, 121,
  3, 120, 0, 121,
  3, 500, 0, 501,
  3, 500, 0, 1010,

  //R.-A.-G.-G. - M.-O.-P.-P
  1, 500, 0, 501,
  2, 500, 0, 501,
  3, 500, 0, 501,
  1, 500, 0, 501,
  1, 500, 0, 501,
  2, 500, 0, 501,
  3, 500, 0, 501,
  1, 300, 0, 301,
  10, 0,
  11, 0,
  12, 0,
  1, 200, 0, 700,
  //Ragg mopp!  (plus flourish)
  1, 1000,
  2, 1000,
  3, 1000,
  4, 1000,
  5, 1000,
  6, 1000, 0, 800,
  10, 0,
  11, 0,
  12, 0, 0, 700,

  1, 1000,
  2, 1000,
  3, 1000,
  4, 1000,
  5, 1000,
  6, 1000, 0, 800,
  10, 0,
  11, 0,
  12, 0, 0, 121,
  10, 0,
  11, 0,
  12, 0, 0, 579,

  1, 120,
  2, 120,
  3, 120,
  4, 120,
  5, 120,
  6, 120, 0, 121,

  1, 250,
  2, 250,
  3, 250,
  4, 250,
  5, 250,
  6, 250, 0, 251
};
//Mexican Hat Dance
const int pattern4[] PROGMEM = {
  //  Di-di di-dee-dee-di-dee,
  1, 120, 0, 121,
  1, 120, 0, 121,
  2, 250, 0, 251,
  3, 250, 0, 251,
  2, 250, 0, 251,
  3, 250, 0, 251,
  2, 250, 0, 251,
  1, 120, 0, 121,
  4, 250, 0, 251,
  3, 500, 0, 1010,
  //  Di-di di-dee-dee-di-doo,
  3, 120, 0, 121,
  3, 120, 0, 121,
  1, 250, 0, 251,
  2, 250, 0, 251,
  1, 250, 0, 251,
  2, 250, 0, 251,
  1, 250, 0, 251,
  3, 120, 0, 121,
  1, 250, 0, 251,
  4, 500, 0, 1010,
  //  Di-di di-dee-dee-di-dee,
  2, 120, 0, 121,
  2, 120, 0, 121,
  3, 250, 0, 251,
  1, 250, 0, 251,
  3, 250, 0, 251,
  1, 250, 0, 251,
  3, 250, 0, 251,
  2, 120, 0, 121,
  6, 250, 0, 251,
  1, 500, 0, 501,
  //  Dee-di-dee-dee di dee-
  1, 250, 0, 251,
  1, 120, 0, 121,
  2, 250, 0, 251,
  2, 120, 0, 121,
  3, 250, 0, 251,
  3, 250, 0, 251,
  3, 120, 0, 121,
  2, 250, 0, 251,
  1, 500, 0, 1010,
  //pause
  3, 250, 0, 251,
  //O-LE!
  1, 800,
  2, 800,
  3, 800,
};
//Wipe Out - this one is terrible for some reason
const int pattern5[] PROGMEM = {
  0, 100,
  2, 120, 0, 121,
  3, 250, 0, 251,
  3, 120, 0, 221, //pause

  1, 250, 0, 251,
  2, 250, 0, 251,
  3, 250, 0, 251,

  4, 250, 0, 251,
  4, 120, 0, 121,
  3, 120, 0, 121,
  1, 250, 0, 251,
  1, 120, 0, 221, //pause

  2, 250, 0, 251,
  2, 250, 0, 251,
  3, 250, 0, 251,

  1, 250, 0, 251,
  5, 250, 0, 251,
  5, 120, 0, 121,

  6, 120, 0, 121,
  4, 250, 0, 251,
  4, 120, 0, 221, //pause

  5, 250, 0, 251,
  6, 250, 0, 251,
  4, 250, 0, 251,

  2, 250, 0, 251,
  2, 120, 0, 121,
  4, 120, 0, 121,

  5, 250, 0, 251,
  5, 250, 0, 351, //pause

  6, 250, 0, 251,
  4, 250, 0, 251,
  5, 250, 0, 251,
  3, 250, 0, 251,
  3, 120, 0, 121,

  1, 120, 0, 121,
  2, 250, 0, 251,
  2, 120, 0, 221, //pause

  3, 250, 0, 251,
  3, 250, 0, 251,
  1, 250, 0, 251,
  5, 250, 0, 251,
  5, 120, 0, 121,
  5, 120, 0, 121,
  5, 120, 0, 121,

  1, 250,
  2, 250,
  3, 250,
  4, 250,
  5, 250,
  6, 250, 0, 251,

  1, 250,
  2, 250,
  3, 250,
  4, 250,
  5, 250,
  6, 250, 0, 251,

  1, 500,
  2, 500,
  3, 500,
  4, 500,
  5, 500,
  6, 500, 0, 1500,
  //RANDOM values
  1, 120, 0, 121,
  1, 100,
  4, 120,
  1, 80, 0, 131,

  1, 90,
  2, 60,
  3, 120,
  4, 160,
  5, 120,
  6, 180, 0, 190,

  1, 90,
  2, 60,
  3, 120,
  4, 160,
  5, 120,
  6, 180, 0, 201,
  3, 200, 0, 211,
  5, 100,
  4, 120,
  1, 80, 0, 91,

  1, 150, 0, 150,
  6, 120, 0, 180,
  3, 40, 0, 40
};
//personal jesus
const int pattern6[] PROGMEM = {
  1, 120, 0, 121,
  2, 120, 0, 121,
  3, 120, 0, 121,
  4, 250, 0, 251,
  5, 85, 0, 86,

  10, 0,
  11, 0,
  12, 0,
  5, 34, 0, 35,

  6, 120, 0, 121,
  1, 250, 0, 251,
  2, 120, 0, 121,
  3, 120, 0, 121,

  1, 500,
  2, 500,
  3, 500,
  4, 500,
  5, 500,
  6, 500, 0, 1500,

  1, 120, 0, 121,
  2, 120, 0, 121,
  3, 120, 0, 121,
  4, 250, 0, 251,
  5, 85, 0, 86,

  10, 0,
  11, 0,
  12, 0,
  5, 34, 0, 35,

  6, 120, 0, 121,
  1, 250, 0, 251,
  2, 120, 0, 121,
  3, 120, 0, 121,

  1, 500,
  2, 500,
  3, 500,
  4, 500,
  5, 500,
  6, 500, 0, 1500,

  1, 500, 0, 501,
  5, 120, 0, 121,
  3, 120, 0, 121,
  4, 120, 0, 121,
  2, 250, 0, 251,
  6, 120, 0, 121,
  1, 500, 0, 501,
  5, 250, 0, 251,
  6, 301, 0, 302,
  10, 0,
  11, 0,
  12, 0,
  6, 197, 0, 198,
  6, 500, 0, 501,

  4, 600,
  5, 600,
  6, 600
};
// Wedding March
const int pattern7[] PROGMEM = {
  10, 0,
  0, 700,
  4, 600, 0, 800, //here
  1, 210, 0, 310, //comes
  1, 350, 0, 550, //the
  1, 900, 0, 1000, //briiide
  11, 0, 0, 700, //briiide

  5, 600, 0, 800, //all
  1, 210, 0, 310, //dressed
  2, 350, 0, 550, //in
  1, 900, 0, 1000, //whiite
  12, 0, 0, 700, //whiite

  6, 600, 0, 800,
  1, 210, 0, 310,
  2, 350, 0, 550,

  3, 600, 0, 800,
  2, 210, 0, 310,
  1, 350, 0, 550,

  1, 99, 0, 100,
  12, 0,
  1, 99, 0, 100,
  1, 400, 0, 600,
  6, 210, 0, 310,
  1, 310, 0, 410,
  1, 1100, 0, 1210,
};