//Ragg Mopp for two poofers 4/4 timing 
const int pattern1[] PROGMEM = {
  //ragg! 
  1, 200,
  2, 200,
  4, 200,
  5, 200, 0, 201,
  //mopp!
  1, 200,
  2, 200,
  4, 200,
  5, 190, 0, 201,

  //doodley de
  5, 100, 0, 101,
  5, 100, 0, 101,
  2, 190, 0, 101,
  //daaa
  4, 300, 0, 301,
  //da
  2, 100, 0, 101,
  //da
  5, 100, 0, 101,
  //da
  5, 250, 0, 101,
  
  //doodley de
  5, 100, 0, 101,
  5, 100, 0, 101,
  2, 190, 0, 201,
  //daaa
  4, 300, 0, 301,
  //da
  2, 100, 0, 101,
  //da
  5, 100, 0, 101,
  //da
  5, 250, 0, 301,
  
  //doodley de
  5, 100, 0, 101,
  5, 100, 0, 101,
  2, 190, 0, 201,
  //daaa
  4, 300, 0, 301,
  //da
  2, 100, 0, 101,
  //da
  5, 100, 0, 101,
  //da
  5, 250, 0, 301,
  
  //doodley de
  5, 100, 0, 101,
  5, 0, 101,
  2, 190, 0, 201,
  //daaa
  4, 300, 0, 301,
  //da
  2, 100, 0, 101,
  //da
  5, 100, 0, 101,
  //da
  5, 250, 0, 301,

  //R.-A.-G.-G. - M.-O.-P.-P
  1, 200, 0, 201,
  2, 200, 0, 201,
  1, 200, 0, 201,
  2, 200, 0, 201,
  4, 200, 0, 201,
  5, 200, 0, 201,
  4, 200, 0, 201,
  5, 190, 0, 201,

  //Ragg mopp!  (plus flourish)
  //ragg! 
  1, 200,
  2, 200,
  4, 200,
  5, 200, 0, 201,
  //mopp!
  1, 200,
  2, 200,
  4, 200,
  5, 200, 0, 201
};